  1238166018  1238170551.0
  1238170952.0  1238172931.0
  1238172986.0  1238196795.0
  1238198078.0  1238215144.0
  1238227172.0  1238232308.0
  1238235749.0  1238239669.0
  1238245061.0  1238252457.0
  1238290518.0  1238292973.0
  1238292996.0  1238308339.0
  1238318297.0  1238344472.0
  1238350864.0  1238357141.0
  1238367271.0  1238368327.0
  1238368368.0  1238374371.0
  1238383558.0  1238383901.0
  1238384698.0  1238412535.0
  1238412671.0  1238440689.0
  1238450548.0  1238479686.0
  1238480943.0  1238519916.0
  1238528521.0  1238535534.0
  1238538790.0  1238538972.0
  1238543228.0  1238543357.0
  1238546542.0  1238555464.0
  1238561170.0  1238619977.0
  1238633666.0  1238636183.0
  1238636320.0  1238672732.0
  1238672737.0  1238687598.0
  1238691229.0  1238697795.0
  1238700878.0  1238724603.0
  1238725604.0  1238758260.0
  1238758265.0  1238773288.0
  1238773469.0  1238775954.0
  1238775983.0  1238785199.0
  1238790675.0  1238791970.0
  1238792212.0  1238819102.0
  1238819842.0  1238833578.0
  1238834628.0  1238856501.0
  1238908058.0  1238908160.0
  1238908200.0  1238910361.0
  1238918960.0  1238930394.0
  1238938347.0  1238942105.0
  1238955172.0  1238959425.0
  1238966675.0  1238971467.0
  1238973057.0  1238979204.0
  1238981086.0  1238987166.0
  1238990514.0  1238993507.0
  1238993549.0  1238995065.0
  1238996638.0  1239007189.0
  1239009856.0  1239010368.0
  1239010425.0  1239044583.0
  1239059786.0  1239083006.0
  1239087028.0  1239103283.0
  1239103292.0  1239103305.0
  1239103314.0  1239106302.0
  1239127044.0  1239140934.0
  1239149500.0  1239153689.0
  1239153848.0  1239201390.0
  1239201471.0  1239208793.0
  1239213516.0  1239232125.0
  1239244848.0  1239253498.0
  1239263053.0  1239288926.0
  1239295624.0  1239318836.0
  1239322378.0  1239341782.0
  1239348722.0  1239398850.0
  1239430804.0  1239449342.0
  1239449352.0  1239461138.0
  1239483766.0  1239491090.0
  1239497816.0  1239502455.0
  1239515942.0  1239566422.0
  1239594591.0  1239599277.0
  1239619579.0  1239636444.0
  1239672090.0  1239685815.0
  1239685979.0  1239687649.0
  1239687766.0  1239719507.0
  1239720016.0  1239726069.0
  1239726377.0  1239743998.0
  1239757879.0  1239785659.0
  1239788688.0  1239822414.0
  1239822694.0  1239823209.0
  1239823328.0  1239836416.0
  1239840671.0  1239878684.0
  1239878705.0  1239878711.0
  1239878773.0  1239918470.0
  1239920069.0  1239923888.0
  1239940651.0  1239993538.0
  1240037821.0  1240065159.0
  1240065469.0  1240066047.0
  1240104659.0  1240111574.0
  1240124192.0  1240141509.0
  1240146628.0  1240160231.0
  1240189772.0  1240214165.0
  1240219502.0  1240249072.0
  1240266407.0  1240275368.0
  1240275999.0  1240277858.0
  1240279910.0  1240331167.0
  1240335696.0  1240342595.0
  1240345870.0  1240352951.0
  1240360860.0  1240374780.0
  1240374889.0  1240398823.0
  1240398833.0  1240425611.0
  1240546514.0  1240606748.0
  1240606814.0  1240613059.0
  1240613086.0  1240621302.0
  1240624017.0  1240624399.0
  1240624412.0  1240670803.0
  1240698508.0  1240763989.0
  1240764331.0  1240772399.0
  1240781959.0  1240786108.0
  1240795605.0  1240814243.0
  1240821139.0  1240844083.0
  1240849932.0  1240853585.0
  1240853610.0  1240855236.0
  1240860330.0  1240867962.0
  1240872261.0  1240919361.0
  1240919370.0  1240961211.0
  1240961309.0  1241002495.0
  1241002600.0  1241011102.0
  1241068861.0  1241073789.0
  1241073881.0  1241074723.0
  1241088652.0  1241092402.0
  1241092411.0  1241093422.0
  1241093492.0  1241123810.0
  1241123878.0  1241175681.0
  1241175793.0  1241178514.0
  1241178523.0  1241196917.0
  1241197660.0  1241214225.0
  1241242959.0  1241243122.0
  1241243169.0  1241275548.0
  1241302060.0  1241309944.0
  1241310397.0  1241334259.0
  1241366461.0  1241376164.0
  1241376243.0  1241376348.0
  1241381956.0  1241382706.0
  1241390460.0  1241391237.0
  1241393338.0  1241397900.0
  1241402964.0  1241409504.0
  1241417182.0  1241455140.0
  1241469393.0  1241474688.0
  1241476088.0  1241477440.0
  1241482257.0  1241496841.0
  1241501951.0  1241543561.0
  1241546148.0  1241569520.0
  1241569755.0  1241680362.0
  1241689640.0  1241725020.0
  1241739102.0  1241808777.0
  1241810678.0  1241819786.0
  1241820195.0  1241824573.0
  1241831865.0  1241867688.0
  1241868465.0  1241871981.0
  1241872515.0  1241874757.0
  1241934582.0  1241934706.0
  1241934797.0  1241935328.0
  1241935423.0  1241959895.0
  1242071790.0  1242080583.0
  1242080818.0  1242083994.0
  1242107198.0  1242117912.0
  1242117939.0  1242118412.0
  1242118436.0  1242118895.0
  1242118936.0  1242119004.0
  1242119046.0  1242119199.0
  1242119335.0  1242119621.0
  1242119643.0  1242119895.0
  1242119904.0  1242119921.0
  1242119927.0  1242119931.0
  1242119937.0  1242119946.0
  1242119951.0  1242119956.0
  1242119961.0  1242119979.0
  1242119984.0  1242119990.0
  1242119996.0  1242120200.0
  1242120205.0  1242120392.0
  1242122550.0  1242123636.0
  1242124676.0  1242150920.0
  1242151493.0  1242152904.0
  1242178245.0  1242178504.0
  1242181955.0  1242186580.0
  1242189378.0  1242237996.0
  1242238600.0  1242399908.0
  1242400054.0  1242436910.0
  1242437036.0  1242485126.0
  1242522462.0  1242533014.0
  1242533024.0  1242535358.0
  1242535512.0  1242567105.0
  1242567213.0  1242590950.0
  1242593626.0  1242624762.0
  1242630594.0  1242661869.0
  1242673104.0  1242674347.0
  1242677826.0  1242678402.0
  1242681900.0  1242773530.0
  1242773673.0  1242867876.0
  1242877841.0  1242892323.0
  1242926892.0  1242934071.0
  1242934327.0  1242939721.0
  1242940681.0  1242941614.0
  1242945997.0  1242946076.0
  1242947383.0  1242949077.0
  1242959589.0  1242966615.0
  1242966826.0  1242986292.0
  1242997748.0  1243018029.0
  1243053824.0  1243089923.0
  1243090503.0  1243090780.0
  1243117121.0  1243178597.0
  1243217561.0  1243242750.0
  1243254519.0  1243266723.0
  1243266965.0  1243267782.0
  1243278913.0  1243318496.0
  1243318594.0  1243321143.0
  1243330884.0  1243361067.0
  1243393026.0  1243509653.0
  1243518141.0  1243551681.0
  1243560568.0  1243627227.0
  1243627776.0  1243659044.0
  1243668368.0  1243673388.0
  1243673475.0  1243694923.0
  1243734058.0  1243734188.0
  1243736089.0  1243786890.0
  1243819505.0  1243831320.0
  1243831490.0  1243844005.0
  1243850693.0  1243851971.0
  1243855153.0  1243882687.0
  1243882827.0  1243887650.0
  1243888250.0  1243900790.0
  1243908074.0  1243913380.0
  1243913940.0  1243939259.0
  1243944136.0  1243961165.0
  1243961173.0  1243964922.0
  1243964961.0  1243975901.0
  1243981178.0  1243983312.0
  1243983627.0  1244076204.0
  1244082958.0  1244221152.0
  1244246160.0  1244254090.0
  1244254183.0  1244295515.0
  1244324424.0  1244325161.0
  1244331124.0  1244367168.0
  1244367283.0  1244380889.0
  1244398858.0  1244404826.0
  1244419980.0  1244450923.0
  1244451004.0  1244463555.0
  1244463702.0  1244464729.0
  1244464824.0  1244471328.0
  1244471449.0  1244485912.0
  1244485999.0  1244498948.0
  1244499328.0  1244507119.0
  1244522893.0  1244535206.0
  1244535296.0  1244537228.0
  1244537370.0  1244566329.0
  1244566463.0  1244566495.0
  1244568252.0  1244568747.0
  1244575525.0  1244580334.0
  1244593946.0  1244669437.0
  1244669638.0  1244672223.0
  1244693598.0  1244697898.0
  1244697942.0  1244697960.0
  1244698007.0  1244702029.0
  1244702167.0  1244736808.0
  1244744713.0  1244757114.0
  1244761792.0  1244788132.0
  1244788211.0  1244789621.0
  1244802763.0  1244807595.0
  1244807671.0  1244820722.0
  1244820809.0  1244835565.0
  1244835705.0  1244839272.0
  1244839426.0  1244856450.0
  1244866697.0  1244900043.0
  1244936266.0  1244958209.0
  1244974664.0  1244978502.0
  1244978564.0  1245000699.0
  1245010149.0  1245011646.0
  1245047134.0  1245085594.0
  1245091529.0  1245106597.0
  1245107773.0  1245109700.0
  1245110214.0  1245113980.0
  1245123458.0  1245144305.0
  1245155826.0  1245182746.0
  1245191871.0  1245239059.0
  1245239158.0  1245242926.0
  1245250512.0  1245297327.0
  1245308613.0  1245367939.0
  1245396779.0  1245489280.0
  1245499337.0  1245509179.0
  1245563273.0  1245607575.0
  1245632500.0  1245633579.0
  1245647317.0  1245650211.0
  1245653423.0  1245663108.0
  1245663267.0  1245708630.0
  1245715717.0  1245726885.0
  1245737760.0  1245760521.0
  1245760601.0  1245760904.0
  1245760939.0  1245778115.0
  1245779894.0  1245802853.0
  1245805562.0  1245808247.0
  1245823741.0  1245948363.0
  1245967226.0  1246040117.0
  1246044848.0  1246057899.0
  1246063268.0  1246069248.0
  1246079819.0  1246084360.0
  1246084500.0  1246114204.0
  1246156597.0  1246164819.0
  1246170193.0  1246200898.0
  1246209894.0  1246224618.0
  1246239222.0  1246249994.0
  1246261448.0  1246297013.0
  1246307403.0  1246316284.0
  1246320883.0  1246360450.0
  1246364918.0  1246366646.0
  1246378402.0  1246418573.0
  1246452221.0  1246549998.0
  1246561791.0  1246659653.0
  1246681813.0  1246718719.0
  1246749993.0  1246808842.0
  1246808938.0  1246821883.0
  1246822000.0  1246824024.0
  1246830623.0  1246864301.0
  1246864401.0  1246864658.0
  1246864738.0  1246911724.0
  1246912683.0  1246919604.0
  1246919808.0  1246928502.0
  1246928634.0  1246935075.0
  1246935162.0  1246944554.0
  1246952465.0  1246960364.0
  1246967804.0  1247036505.0
  1247042079.0  1247131973.0
  1247150167.0  1247185819.0
  1247186226.0  1247231565.0
  1247236920.0  1247238626.0
  1247242339.0  1247289041.0
  1247294312.0  1247295780.0
  1247295998.0  1247323931.0
  1247351281.0  1247352235.0
  1247359720.0  1247382673.0
  1247388902.0  1247401155.0
  1247401583.0  1247411043.0
  1247417946.0  1247428816.0
  1247442439.0  1247469547.0
  1247470087.0  1247488208.0
  1247493004.0  1247505927.0
  1247515295.0  1247531448.0
  1247542969.0  1247598328.0
  1247598407.0  1247609169.0
  1247614194.0  1247653956.0
  1247658927.0  1247749612.0
  1247750004.0  1247758314.0
  1247759125.0  1247789519.0
  1247810066.0  1247837778.0
  1247866435.0  1247867294.0
  1247867405.0  1247895469.0
  1247904048.0  1247907158.0
  1247907238.0  1247910265.0
  1247910362.0  1247912069.0
  1247912194.0  1247917162.0
  1247922765.0  1247928355.0
  1247961409.0  1247964304.0
  1247964866.0  1247970125.0
  1247975219.0  1247975793.0
  1248112045.0  1248121395.0
  1248132100.0  1248166475.0
  1248174716.0  1248190589.0
  1248200309.0  1248222436.0
  1248226964.0  1248256986.0
  1248257433.0  1248257701.0
  1248257810.0  1248293662.0
  1248301515.0  1248316297.0
  1248324635.0  1248347147.0
  1248357841.0  1248428216.0
  1248435887.0  1248455993.0
  1248463090.0  1248469308.0
  1248473324.0  1248500422.0
  1248508576.0  1248533198.0
  1248564041.0  1248565673.0
  1248580883.0  1248621977.0
  1248683707.0  1248715847.0
  1248718638.0  1248720749.0
  1248736939.0  1248775749.0
  1248797028.0  1248829996.0
  1248830127.0  1248868674.0
  1248876535.0  1248911714.0
  1248911787.0  1248950084.0
  1248959453.0  1248979951.0
  1248980058.0  1249000166.0
  1249000652.0  1249077954.0
  1249093440.0  1249101028.0
  1249126563.0  1249137948.0
  1249163425.0  1249184526.0
  1249196255.0  1249236403.0
  1249236510.0  1249242226.0
  1249276044.0  1249290508.0
  1249317167.0  1249320304.0
  1249322659.0  1249322973.0
  1249323311.0  1249333330.0
  1249337339.0  1249359524.0
  1249360015.0  1249366446.0
  1249367288.0  1249406612.0
  1249407678.0  1249413186.0
  1249413206.0  1249413731.0
  1249413876.0  1249463907.0
  1249463988.0  1249467855.0
  1249467938.0  1249529443.0
  1249543546.0  1249546633.0
  1249546711.0  1249662944.0
  1249663746.0  1249742754.0
  1249774443.0  1249833705.0
  1249836590.0  1249847060.0
  1249852860.0  1249854689.0
  1249871819.0  1249881720.0
  1250017377.0  1250020746.0
  1250031070.0  1250125355.0
  1250136759.0  1250188783.0
  1250196857.0  1250219088.0
  1250228589.0  1250242092.0
  1250242194.0  1250264376.0
  1250264472.0  1250285417.0
  1250297135.0  1250297176.0
  1250302728.0  1250347518.0
  1250377315.0  1250407425.0
  1250414457.0  1250438599.0
  1250447696.0  1250460532.0
  1250473128.0  1250506300.0
  1250506409.0  1250527684.0
  1250539215.0  1250542587.0
  1250551537.0  1250628517.0
  1250639518.0  1250643197.0
  1250643570.0  1250665617.0
  1250675490.0  1250709540.0
  1250709590.0  1250736212.0
  1250746100.0  1250790002.0
  1250799269.0  1250907340.0
  1250916844.0  1250951949.0
  1250979407.0  1250979411.0
  1250980672.0  1251057623.0
  1251071406.0  1251125152.0
  1251168970.0  1251176418.0
  1251176530.0  1251242028.0
  1251242193.0  1251272514.0
  1251273490.0  1251276305.0
  1251282343.0  1251324386.0
  1251324444.0  1251324489.0
  1251324631.0  1251324672.0
  1251325125.0  1251375261.0
  1251382797.0  1251389769.0
  1251400396.0  1251404362.0
  1251420603.0  1251429560.0
  1251445982.0  1251465033.0
  1251476713.0  1251510794.0
  1251523462.0  1251541077.0
  1251554222.0  1251557136.0
  1251584790.0  1251589282.0
  1251591100.0  1251635330.0
  1251643094.0  1251662436.0
  1251675007.0  1251676558.0
  1251676780.0  1251731139.0
  1251741029.0  1251760019.0
  1251762850.0  1251804562.0
  1251814096.0  1251859186.0
  1251859253.0  1251907880.0
  1251919186.0  1251963832.0
  1251972604.0  1252038033.0
  1252048103.0  1252081938.0
  1252088806.0  1252125562.0
  1252150135.0  1252161922.0
  1252193643.0  1252211574.0
  1252219672.0  1252224418.0
  1252258718.0  1252267227.0
  1252281102.0  1252289438.0
  1252299817.0  1252411955.0
  1252424076.0  1252443468.0
  1252452749.0  1252453392.0
  1252454575.0  1252483938.0
  1252484020.0  1252540391.0
  1252541507.0  1252556455.0
  1252565415.0  1252603393.0
  1252619153.0  1252660459.0
  1252669869.0  1252702820.0
  1252708429.0  1252733851.0
  1252741896.0  1252765741.0
  1252789236.0  1252802448.0
  1252808728.0  1252816066.0
  1252821310.0  1252833434.0
  1252833460.0  1252858911.0
  1252868078.0  1252872071.0
  1252887143.0  1252890509.0
  1252898228.0  1252970117.0
  1252973902.0  1253035217.0
  1253039125.0  1253048680.0
  1253053965.0  1253074792.0
  1253085448.0  1253187701.0
  1253193899.0  1253260323.0
  1253265516.0  1253300423.0
  1253303958.0  1253311216.0
  1256663434.0  1256679426.0
  1256682788.0  1256686826.0
  1256688778.0  1256705162.0
  1256710418.0  1256746775.0
  1256746922.0  1256750711.0
  1256751329.0  1256770348.0
  1256771863.0  1256774657.0
  1256774739.0  1256838400.0
  1256840242.0  1256926828.0
  1256927017.0  1256939447.0
  1256954038.0  1256970611.0
  1256970725.0  1256977255.0
  1256977375.0  1257002029.0
  1257002682.0  1257005006.0
  1257029402.0  1257070972.0
  1257071308.0  1257109247.0
  1257121331.0  1257148865.0
  1257149039.0  1257159695.0
  1257159861.0  1257185389.0
  1257194391.0  1257196334.0
  1257199592.0  1257246407.0
  1257250884.0  1257272614.0
  1257272869.0  1257288828.0
  1257288859.0  1257294715.0
  1257294744.0  1257295746.0
  1257295766.0  1257296612.0
  1257296633.0  1257300206.0
  1257300257.0  1257305223.0
  1257305469.0  1257321502.0
  1257327970.0  1257380930.0
  1257386700.0  1257388107.0
  1257388142.0  1257405985.0
  1257416801.0  1257422772.0
  1257422785.0  1257448908.0
  1257454663.0  1257465874.0
  1257466528.0  1257543140.0
  1257543331.0  1257544819.0
  1257551704.0  1257571594.0
  1257572912.0  1257608753.0
  1257634731.0  1257636598.0
  1257643911.0  1257657387.0
  1257657497.0  1257698806.0
  1257705977.0  1257713889.0
  1257724161.0  1257757292.0
  1257761576.0  1257784672.0
  1257800010.0  1257802452.0
  1257806952.0  1257809314.0
  1257811305.0  1257831368.0
  1257831444.0  1257834639.0
  1257839531.0  1257873408.0
  1257878005.0  1257882716.0
  1257890244.0  1257924807.0
  1257962240.0  1257967658.0
  1257978062.0  1258068700.0
  1258069517.0  1258140435.0
  1258152973.0  1258213597.0
  1258242583.0  1258243252.0
  1258243293.0  1258259706.0
  1258269317.0  1258288255.0
  1258288285.0  1258318817.0
  1258326890.0  1258330553.0
  1258330884.0  1258331699.0
  1258331823.0  1258332518.0
  1258339962.0  1258342254.0
  1258342331.0  1258409547.0
  1258415629.0  1258416940.0
  1258417730.0  1258479593.0
  1258486276.0  1258498093.0
  1258499889.0  1258537657.0
  1258543186.0  1258580165.0
  1258586487.0  1258592492.0
  1258599465.0  1258622495.0
  1258629532.0  1258755063.0
  1258756687.0  1258773462.0
  1258785120.0  1258818355.0
  1258840009.0  1258840208.0
  1258840739.0  1258891571.0
  1258894219.0  1258922135.0
  1258942907.0  1258944645.0
  1258964411.0  1259013709.0
  1259029647.0  1259032320.0
  1259040433.0  1259071949.0
  1259082837.0  1259103575.0
  1259106570.0  1259113708.0
  1259122147.0  1259125896.0
  1259126322.0  1259137813.0
  1259153960.0  1259199088.0
  1259199280.0  1259216651.0
  1259247669.0  1259267513.0
  1259276859.0  1259294179.0
  1259294434.0  1259296885.0
  1259297312.0  1259298422.0
  1259310948.0  1259318180.0
  1259335383.0  1259340258.0
  1259340635.0  1259358781.0
  1259359161.0  1259365169.0
  1259365330.0  1259401389.0
  1259403116.0  1259423400.0
  1259445302.0  1259465356.0
  1259465595.0  1259469832.0
  1259479302.0  1259528416.0
  1259538138.0  1259547873.0
  1259549835.0  1259559676.0
  1259560265.0  1259581069.0
  1259592770.0  1259607410.0
  1259607620.0  1259618553.0
  1259625230.0  1259639690.0
  1259640156.0  1259820508.0
  1259820629.0  1259853904.0
  1259864443.0  1259874617.0
  1259877343.0  1259938335.0
  1259938871.0  1259966509.0
  1259966834.0  1259968956.0
  1259968988.0  1259981893.0
  1259982013.0  1259982067.0
  1259982101.0  1260027922.0
  1260066818.0  1260084055.0
  1260145123.0  1260189354.0
  1260196486.0  1260201619.0
  1260203647.0  1260208980.0
  1260209069.0  1260223286.0
  1260223309.0  1260281157.0
  1260286501.0  1260376870.0
  1260376892.0  1260382859.0
  1260388713.0  1260427025.0
  1260433791.0  1260572992.0
  1260573049.0  1260582262.0
  1260582310.0  1260606322.0
  1260606389.0  1260633531.0
  1260661085.0  1260703286.0
  1260703358.0  1260703669.0
  1260703694.0  1260709034.0
  1260709330.0  1260709671.0
  1260710105.0  1260710589.0
  1260711048.0  1260711328.0
  1260712913.0  1260713111.0
  1260723939.0  1260738016.0
  1260746763.0  1260747926.0
  1260755933.0  1260859349.0
  1260867215.0  1260878273.0
  1260885186.0  1260886590.0
  1260888240.0  1260889496.0
  1260891449.0  1260891546.0
  1260892400.0  1260892544.0
  1260892867.0  1260899974.0
  1260907045.0  1260909330.0
  1260911467.0  1260914505.0
  1260919193.0  1260923260.0
  1260923347.0  1261012495.0
  1261013046.0  1261025803.0
  1261025887.0  1261085497.0
  1261085604.0  1261153137.0
  1261163596.0  1261163856.0
  1261177544.0  1261179931.0
  1261185600.0  1261237530.0
  1261238353.0  1261244497.0
  1261261944.0  1261280303.0
  1261298282.0  1261341873.0
  1261352275.0  1261414447.0
  1261416733.0  1261419063.0
  1261422132.0  1261491420.0
  1261496984.0  1261566509.0
  1261571600.0  1261582830.0
  1261587918.0  1261637359.0
  1261637440.0  1261644747.0
  1261649073.0  1261673369.0
  1261675959.0  1261700881.0
  1261705723.0  1261828648.0
  1261965615.0  1261965941.0
  1261965973.0  1262038010.0
  1262044901.0  1262089015.0
  1262089408.0  1262106340.0
  1262111467.0  1262122857.0
  1262123139.0  1262127573.0
  1262138762.0  1262158765.0
  1262158836.0  1262159753.0
  1262159840.0  1262190807.0
  1262190902.0  1262212577.0
  1262212710.0  1262275802.0
  1262280663.0  1262312846.0
  1262312879.0  1262343993.0
  1262349658.0  1262383396.0
  1262397217.0  1262404619.0
  1262430644.0  1262432850.0
  1262470532.0  1262525741.0
  1262536287.0  1262558757.0
  1262592115.0  1262595538.0
  1262603816.0  1262638929.0
  1262640985.0  1262688500.0
  1262688603.0  1262714480.0
  1262714936.0  1262718776.0
  1262735564.0  1262738324.0
  1262746199.0  1262762292.0
  1262790977.0  1262817513.0
  1262828577.0  1262844416.0
  1262844465.0  1262858868.0
  1262863853.0  1262878253.0
  1262884031.0  1262893110.0
  1262898738.0  1262987426.0
  1262998100.0  1263012345.0
  1263012440.0  1263051941.0
  1263074615.0  1263141241.0
  1263158871.0  1263159364.0
  1263163418.0  1263164029.0
  1263167841.0  1263174610.0
  1263179995.0  1263229179.0
  1263234758.0  1263263359.0
  1263269293.0  1263330220.0
  1263332909.0  1263438977.0
  1263439185.0  1263478734.0
  1263508244.0  1263514220.0
  1263522102.0  1263528545.0
  1263532832.0  1263571808.0
  1263583489.0  1263591017.0
  1263595535.0  1263615150.0
  1263620634.0  1263649066.0
  1263677335.0  1263677643.0
  1263677812.0  1263683246.0
  1263688616.0  1263787668.0
  1263787793.0  1263794440.0
  1263807996.0  1263812456.0
  1263812510.0  1263850498.0
  1263857144.0  1263867167.0
  1263881120.0  1263925293.0
  1263931270.0  1263937094.0
  1263946509.0  1264044988.0
  1264055487.0  1264070752.0
  1264077760.0  1264106090.0
  1264110885.0  1264131595.0
  1264171460.0  1264186817.0
  1264193059.0  1264216235.0
  1264221802.0  1264250853.0
  1264256348.0  1264261588.0
  1264297921.0  1264370270.0
  1264392971.0  1264403183.0
  1264409694.0  1264436143.0
  1264442582.0  1264452563.0
  1264454640.0  1264457421.0
  1264462724.0  1264469843.0
  1264476960.0  1264526140.0
  1264531918.0  1264535211.0
  1264542832.0  1264568470.0
  1264568678.0  1264571420.0
  1264572035.0  1264591702.0
  1264597190.0  1264703542.0
  1264703816.0  1264784413.0
  1264784614.0  1264791616.0
  1264794805.0  1264809617.0
  1264809639.0  1264866329.0
  1264897148.0  1264904064.0
  1264908103.0  1264934801.0
  1264938802.0  1264947701.0
  1264950068.0  1264951107.0
  1264951529.0  1264982350.0
  1264988056.0  1265045319.0
  1265045415.0  1265047503.0
  1265054153.0  1265060487.0
  1265064923.0  1265067938.0
  1265080007.0  1265098302.0
  1265098391.0  1265130936.0
  1265138871.0  1265150431.0
  1265161159.0  1265161290.0
  1265175451.0  1265212298.0
  1265218949.0  1265242706.0
  1265243665.0  1265318154.0
  1265325618.0  1265327639.0
  1265327775.0  1265357506.0
  1265357731.0  1265386842.0
  1265387095.0  1265393673.0
  1265403591.0  1265409036.0
  1265415173.0  1265459530.0
  1265471733.0  1265472047.0
  1265495175.0  1265520839.0
  1265521077.0  1265522807.0
  1265527149.0  1265572718.0
  1265575316.0  1265583488.0
  1265589653.0  1265613277.0
  1265617926.0  1265625704.0
  1265638011.0  1265647996.0
  1265648032.0  1265649818.0
  1265655223.0  1265659480.0
  1265662513.0  1265670794.0
  1265673064.0  1265685548.0
  1265685640.0  1265695876.0
  1265696075.0  1265724848.0
  1265729674.0  1265747429.0
  1265754702.0  1265756563.0
  1265757638.0  1265769520.0
  1265777549.0  1265798522.0
  1265802908.0  1265833017.0
  1265852830.0  1265939078.0
  1265944221.0  1266001220.0
  1266003200.0  1266048009.0
  1266053012.0  1266076132.0
  1266115500.0  1266148891.0
  1266149074.0  1266179881.0
  1266179902.0  1266183771.0
  1266191375.0  1266193833.0
  1266196021.0  1266231487.0
  1266231490.0  1266231491.0
  1266231492.0  1266231493.0
  1266231497.0  1266231498.0
  1266231499.0  1266231500.0
  1266231505.0  1266231506.0
  1266231507.0  1266231513.0
  1266231515.0  1266256466.0
  1266268139.0  1266269396.0
  1266271663.0  1266274868.0
  1266280069.0  1266359526.0
  1266362163.0  1266436889.0
  1266446610.0  1266483901.0
  1266483914.0  1266519671.0
  1266546858.0  1266599048.0
  1266599282.0  1266606016.0
  1266611576.0  1266620836.0
  1266621639.0  1266624191.0
  1266624314.0  1266626315.0
  1266635219.0  1266635741.0
  1266635755.0  1266635812.0
  1266635824.0  1266675793.0
  1266675827.0  1266680720.0
  1266706800.0  1266710476.0
  1266710488.0  1266711497.0
  1266711550.0  1266712336.0
  1266712341.0  1266719865.0
  1266719876.0  1266739261.0
  1266739275.0  1266741872.0
  1266741877.0  1266762906.0
  1266763000.0  1266768053.0
  1266768087.0  1266776632.0
  1266776776.0  1266789708.0
  1266792208.0  1266837781.0
  1266837868.0  1266873250.0
  1266887896.0  1266887916.0
  1266888580.0  1266914071.0
  1266921216.0  1266924626.0
  1266924632.0  1266945269.0
  1266952175.0  1266957646.0
  1266964879.0  1267145365.0
  1267145386.0  1267210816.0
  1267216907.0  1267222134.0
  1267222435.0  1267236882.0
  1267237066.0  1267274521.0
  1267274527.0  1267285578.0
  1267338918.0  1267342632.0
  1267354565.0  1267361374.0
  1267361380.0  1267378464.0
  1267379743.0  1267388782.0
  1267400686.0  1267444167.0
  1267448874.0  1267459884.0
  1267465022.0  1267474502.0
  1267474507.0  1267482862.0
  1267482921.0  1267503407.0
  1267508362.0  1267521426.0
  1267521431.0  1267532558.0
  1267532564.0  1267534600.0
  1267534605.0  1267552955.0
  1267557862.0  1267567107.0
  1267572821.0  1267588562.0
  1267593500.0  1267603415.0
  1267603499.0  1267630568.0
  1267630585.0  1267638171.0
  1267640992.0  1267736471.0
  1267736560.0  1267746539.0
  1267746614.0  1267758091.0
  1267764686.0  1267771082.0
  1267776992.0  1267795254.0
  1267802555.0  1267812027.0
  1267817828.0  1267820087.0
  1267820217.0  1267825277.0
  1267826245.0  1267841234.0
  1267843648.0  1267886371.0
  1267909082.0  1267912935.0
  1267919479.0  1267957821.0
  1267957833.0  1267960007.0
  1267960012.0  1267960013.0
  1267960024.0  1267976692.0
  1267982912.0  1267984300.0
  1267987309.0  1267989624.0
  1268005039.0  1268069090.0
  1268076633.0  1268137465.0
  1268140940.0  1268152682.0
  1268161276.0  1268171704.0
  1268174082.0  1268198474.0
  1268199246.0  1268208098.0
  1268208173.0  1268218114.0
  1268223361.0  1268330015.0
  1268347496.0  1268418617.0
  1268428754.0  1268433588.0
  1268433594.0  1268456666.0
  1268456754.0  1268460423.0
  1268473090.0  1268478239.0
  1268478252.0  1268482383.0
  1268486997.0  1268490338.0
  1268514073.0  1268515141.0
  1268525565.0  1268529516.0
  1268529521.0  1268533521.0
  1268533554.0  1268559676.0
  1268559681.0  1268560193.0
  1268560271.0  1268560364.0
  1268560443.0  1268560591.0
  1268561576.0  1268568350.0
  1268568355.0  1268568356.0
  1268568361.0  1268570698.0
  1268580736.0  1268590592.0
  1268590629.0  1268604734.0
  1268610164.0  1268611353.0
  1268614224.0  1268681645.0
  1268684517.0  1268760651.0
  1268768127.0  1268774135.0
  1268774204.0  1268789929.0
  1268796568.0  1268825457.0
  1268825843.0  1268840537.0
  1268840748.0  1268930496.0
  1268935665.0  1268953678.0
  1268963385.0  1268982916.0
  1268983003.0  1269021621.0
  1269027014.0  1269035372.0
  1269035501.0  1269086583.0
  1269091527.0  1269096525.0
  1269114708.0  1269140334.0
  1269155442.0  1269220462.0
  1269229588.0  1269277123.0
  1269288623.0  1269296492.0
  1269296649.0  1269299249.0
  1269305888.0  1269363618
