amp 1.0000000e-02 64 16 0 0 1 1.2 0 0.901534 6.091677 -2.9034009121893312e-01 -3.9105505459797818e-01 3.0374901706150859e-01 -6.4359550777191524e-03
snr 20 32 32 0 0 1 1.2 0 0.901534 6.091677 -2.9034009121893312e-01 -3.9105505459797818e-01 3.0374901706150859e-01 -6.4359550777191524e-03
amp 1.0000000e-02 64 16 0 0 1 1.2 0 0.901534 6.091677 -2.9034009121893312e-01 -3.9105505459797818e-01 3.0374901706150859e-01 -6.4359550777191524e-03
snr 20 32 32 0 0 1 1.2 0 0.901534 6.091677 -2.9034009121893312e-01 -3.9105505459797818e-01 3.0374901706150859e-01 -6.4359550777191524e-03
amp 1.0000000e-02 64 16 0 0 1 1.2 0 0.901534 6.091677 -2.9034009121893312e-01 -3.9105505459797818e-01 3.0374901706150859e-01 -6.4359550777191524e-03
snr 20 32 32 0 0 1 1.2 0 0.901534 6.091677 -2.9034009121893312e-01 -3.9105505459797818e-01 3.0374901706150859e-01 -6.4359550777191524e-03
amp 1.0000000e-02 64 16 0 0 1 1.2 0 0.901534 6.091677 -2.9034009121893312e-01 -3.9105505459797818e-01 3.0374901706150859e-01 -6.4359550777191524e-03
snr 20 32 32 0 0 1 1.2 0 0.901534 6.091677 -2.9034009121893312e-01 -3.9105505459797818e-01 3.0374901706150859e-01 -6.4359550777191524e-03
amp 1.0000000e-02 64 16 0 0 1 1.2 0 0.901534 6.091677 -2.9034009121893312e-01 -3.9105505459797818e-01 3.0374901706150859e-01 -6.4359550777191524e-03
snr 20 32 32 0 0 1 1.2 0 0.901534 6.091677 -2.9034009121893312e-01 -3.9105505459797818e-01 3.0374901706150859e-01 -6.4359550777191524e-03
amp 1.0000000e-02 64 16 0 0 1 1.2 0 0.901534 6.091677 -2.9034009121893312e-01 -3.9105505459797818e-01 3.0374901706150859e-01 -6.4359550777191524e-03
snr 20 32 32 0 0 1 1.2 0 0.901534 6.091677 -2.9034009121893312e-01 -3.9105505459797818e-01 3.0374901706150859e-01 -6.4359550777191524e-03
amp 1.0000000e-02 64 16 0 0 1 1.2 0 0.901534 6.091677 -2.9034009121893312e-01 -3.9105505459797818e-01 3.0374901706150859e-01 -6.4359550777191524e-03
snr 20 32 32 0 0 1 1.2 0 0.901534 6.091677 -2.9034009121893312e-01 -3.9105505459797818e-01 3.0374901706150859e-01 -6.4359550777191524e-03
amp 1.0000000e-02 64 16 0 0 1 1.2 0 0.901534 6.091677 -2.9034009121893312e-01 -3.9105505459797818e-01 3.0374901706150859e-01 -6.4359550777191524e-03
snr 20 32 32 0 0 1 1.2 0 0.901534 6.091677 -2.9034009121893312e-01 -3.9105505459797818e-01 3.0374901706150859e-01 -6.4359550777191524e-03
amp 1.0000000e-02 64 16 0 0 1 1.2 0 0.901534 6.091677 -2.9034009121893312e-01 -3.9105505459797818e-01 3.0374901706150859e-01 -6.4359550777191524e-03
snr 20 32 32 0 0 1 1.2 0 0.901534 6.091677 -2.9034009121893312e-01 -3.9105505459797818e-01 3.0374901706150859e-01 -6.4359550777191524e-03
amp 1.0000000e-02 64 16 0 0 1 1.2 0 0.901534 6.091677 -2.9034009121893312e-01 -3.9105505459797818e-01 3.0374901706150859e-01 -6.4359550777191524e-03
snr 20 32 32 0 0 1 1.2 0 0.901534 6.091677 -2.9034009121893312e-01 -3.9105505459797818e-01 3.0374901706150859e-01 -6.4359550777191524e-03
amp 1.0000000e-02 64 16 0 0 1 1.2 0 0.901534 6.091677 -2.9034009121893312e-01 -3.9105505459797818e-01 3.0374901706150859e-01 -6.4359550777191524e-03
snr 20 32 32 0 0 1 1.2 0 0.901534 6.091677 -2.9034009121893312e-01 -3.9105505459797818e-01 3.0374901706150859e-01 -6.4359550777191524e-03
amp 1.0000000e-02 64 16 0 0 1 1.2 0 0.901534 6.091677 -2.9034009121893312e-01 -3.9105505459797818e-01 3.0374901706150859e-01 -6.4359550777191524e-03
snr 20 32 32 0 0 1 1.2 0 0.901534 6.091677 -2.9034009121893312e-01 -3.9105505459797818e-01 3.0374901706150859e-01 -6.4359550777191524e-03
amp 1.0000000e-02 64 16 0 0 1 1.2 0 0.901534 6.091677 -2.9034009121893312e-01 -3.9105505459797818e-01 3.0374901706150859e-01 -6.4359550777191524e-03
snr 20 32 32 0 0 1 1.2 0 0.901534 6.091677 -2.9034009121893312e-01 -3.9105505459797818e-01 3.0374901706150859e-01 -6.4359550777191524e-03
amp 1.0000000e-02 64 16 0 0 1 1.2 0 0.901534 6.091677 -2.9034009121893312e-01 -3.9105505459797818e-01 3.0374901706150859e-01 -6.4359550777191524e-03
snr 20 32 32 0 0 1 1.2 0 0.901534 6.091677 -2.9034009121893312e-01 -3.9105505459797818e-01 3.0374901706150859e-01 -6.4359550777191524e-03
amp 1.0000000e-02 64 16 0 0 1 1.2 0 0.901534 6.091677 -2.9034009121893312e-01 -3.9105505459797818e-01 3.0374901706150859e-01 -6.4359550777191524e-03
snr 20 32 32 0 0 1 1.2 0 0.901534 6.091677 -2.9034009121893312e-01 -3.9105505459797818e-01 3.0374901706150859e-01 -6.4359550777191524e-03
amp 1.0000000e-02 64 16 0 0 1 1.2 0 0.901534 6.091677 -2.9034009121893312e-01 -3.9105505459797818e-01 3.0374901706150859e-01 -6.4359550777191524e-03
snr 20 32 32 0 0 1 1.2 0 0.901534 6.091677 -2.9034009121893312e-01 -3.9105505459797818e-01 3.0374901706150859e-01 -6.4359550777191524e-03
amp 1.0000000e-02 64 16 0 0 1 1.2 0 0.901534 6.091677 -2.9034009121893312e-01 -3.9105505459797818e-01 3.0374901706150859e-01 -6.4359550777191524e-03
snr 20 32 32 0 0 1 1.2 0 0.901534 6.091677 -2.9034009121893312e-01 -3.9105505459797818e-01 3.0374901706150859e-01 -6.4359550777191524e-03
amp 1.0000000e-02 64 16 0 0 1 1.2 0 0.901534 6.091677 -2.9034009121893312e-01 -3.9105505459797818e-01 3.0374901706150859e-01 -6.4359550777191524e-03
snr 20 32 32 0 0 1 1.2 0 0.901534 6.091677 -2.9034009121893312e-01 -3.9105505459797818e-01 3.0374901706150859e-01 -6.4359550777191524e-03
amp 1.0000000e-02 64 16 0 0 1 1.2 0 0.901534 6.091677 -2.9034009121893312e-01 -3.9105505459797818e-01 3.0374901706150859e-01 -6.4359550777191524e-03
snr 20 32 32 0 0 1 1.2 0 0.901534 6.091677 -2.9034009121893312e-01 -3.9105505459797818e-01 3.0374901706150859e-01 -6.4359550777191524e-03
amp 1.0000000e-02 64 16 0 0 1 1.2 0 0.901534 6.091677 -2.9034009121893312e-01 -3.9105505459797818e-01 3.0374901706150859e-01 -6.4359550777191524e-03
snr 20 32 32 0 0 1 1.2 0 0.901534 6.091677 -2.9034009121893312e-01 -3.9105505459797818e-01 3.0374901706150859e-01 -6.4359550777191524e-03
