amp 1.000000e-01 64 16 0 0 1 1.59206727e+00 -3.72563641e-11 -3.56718966e-01 3.23768722e+00 5.42648584e+00 4.66130864e+00 1.97463106e+00
amp 1.000000e-01 64 16 0 0 1 2.42311139e+00 -4.67875160e-11 -5.20836820e-01 2.01031042e+00 5.61461337e+00 2.09788057e+00 2.36610849e+00
amp 1.000000e-01 64 16 0 0 1 1.91062284e+00 3.58063491e-12 -7.45779202e-02 9.91068473e-01 4.58702995e+00 4.38500698e+00 2.64011614e+00
amp 1.000000e-01 64 16 0 0 1 7.41765419e-01 -1.30411958e-10 5.18228897e-01 2.47166879e+00 5.32865808e+00 3.77373618e+00 1.81290415e+00
amp 1.000000e-01 64 16 0 0 1 2.94882695e+00 -1.53693512e-10 8.06892330e-01 5.27370523e+00 2.65541869e+00 3.18721957e+00 1.41532992e+00
amp 1.000000e-01 64 16 0 0 1 2.97693776e+00 -1.69659603e-11 -7.98093735e-01 1.09048956e+00 3.08348843e-01 6.13501899e+00 2.73541586e+00
amp 1.000000e-01 64 16 0 0 1 4.02916822e-01 -4.44709903e-11 -9.98368871e-01 4.09207936e+00 3.55373271e+00 6.18258189e+00 2.20548667e+00
amp 1.000000e-01 64 16 0 0 1 2.29426628e+00 -9.98986306e-12 -1.64357738e-01 5.53030514e+00 1.80107720e+00 2.60266583e+00 1.27825347e+00
amp 1.000000e-01 64 16 0 0 1 2.75724259e+00 -2.45444761e-11 1.34172394e-01 1.72438139e+00 6.10860735e+00 4.34394950e+00 1.59709622e+00
amp 1.000000e-01 64 16 0 0 1 2.44523976e+00 -1.16427483e-10 1.37937742e+00 5.24138131e-01 8.71553956e-01 3.86464911e+00 7.77111811e-01
amp 1.000000e-01 64 16 0 0 1 1.24363805e+00 5.86203293e-12 -9.76911817e-01 2.52863831e+00 4.88484481e+00 4.93421805e+00 1.80687930e+00
amp 1.000000e-01 64 16 0 0 1 4.36876048e-01 2.44121180e-12 3.02906857e-01 6.00057449e-01 3.51332901e+00 2.12102696e-01 1.70216160e+00
amp 1.000000e-01 64 16 0 0 1 3.00073172e-01 -7.08320842e-11 9.45465486e-01 2.46839904e+00 2.54950999e+00 5.34163340e+00 1.80565726e+00
amp 1.000000e-01 64 16 0 0 1 1.07958772e+00 -4.11675074e-11 3.51415312e-01 5.71314937e+00 1.23947774e+00 4.21811152e-01 2.55822371e+00
amp 1.000000e-01 64 16 0 0 1 1.45519585e+00 -9.63919933e-11 -9.14681715e-01 3.69738791e+00 1.89178877e+00 2.34801549e+00 2.42927315e+00
amp 1.000000e-01 64 16 0 0 1 6.94963186e-01 -4.81380786e-11 -2.16460016e-01 4.77207641e+00 1.62381072e-01 3.08702822e+00 7.12065828e-01
amp 1.000000e-01 64 16 0 0 1 6.33769590e-01 -1.20848194e-10 1.00102196e+00 2.50017425e+00 2.78472954e+00 9.49912302e-01 1.44677004e+00
amp 1.000000e-01 64 16 0 0 1 1.60891648e+00 -1.04666729e-10 -1.51044266e+00 4.63135202e+00 1.14782611e+00 2.78201358e+00 1.86774697e+00
amp 1.000000e-01 64 16 0 0 1 2.92887583e+00 -1.32957393e-11 6.63508431e-01 2.47512508e+00 2.35491090e+00 5.80523736e+00 2.14358329e+00
amp 1.000000e-01 64 16 0 0 1 1.69831197e+00 -3.20002473e-11 -3.70654438e-01 2.05131541e+00 6.18424621e-01 4.32356350e+00 1.27831429e+00
amp 1.000000e-01 64 16 0 0 1 1.63768908e+00 -1.55483668e-10 -8.70705743e-01 1.98542574e+00 4.46451359e+00 4.45681480e+00 1.49245421e+00
amp 1.000000e-01 64 16 0 0 1 1.55173959e+00 -5.53995734e-11 -3.55144473e-01 2.63257172e+00 3.46574478e+00 4.13860919e+00 6.37685803e-01
amp 1.000000e-01 64 16 0 0 1 1.31400757e+00 -1.14692656e-10 4.17769896e-02 7.32914674e-02 2.22896755e+00 6.00441946e+00 2.14231079e+00
amp 1.000000e-01 64 16 0 0 1 9.28984612e-01 -3.29589741e-11 4.11233707e-01 1.14400646e+00 3.72549343e+00 2.76041718e+00 4.16311305e-01
amp 1.000000e-01 64 16 0 0 1 1.65134585e+00 -3.19823032e-11 8.02312825e-01 9.17326393e-01 3.44788465e+00 3.61159510e+00 2.61251862e+00
amp 1.000000e-01 64 16 0 0 1 8.28574889e-01 -6.05599567e-11 9.18063386e-01 2.81615011e+00 3.33035312e+00 1.62942723e+00 5.25481469e-01
amp 1.000000e-01 64 16 0 0 1 2.62930098e-01 -1.35350190e-10 -1.82260481e-01 5.43095590e+00 4.50127251e+00 5.36988585e+00 5.92826314e-01
amp 1.000000e-01 64 16 0 0 1 1.25398520e+00 -3.26085313e-11 -7.23105077e-01 4.27647192e+00 2.17070171e+00 1.87658176e+00 2.33970553e+00
amp 1.000000e-01 64 16 0 0 1 9.44656994e-01 -1.54923946e-10 1.01237599e+00 5.95103783e+00 4.44944524e-01 6.24572418e+00 1.43843731e+00
amp 1.000000e-01 64 16 0 0 1 5.87126568e-01 -1.45487054e-10 6.96972997e-01 2.46299835e+00 4.27295351e+00 5.17706590e+00 2.76010530e+00
amp 1.000000e-01 64 16 0 0 1 2.80951615e+00 -1.53432543e-10 4.54671287e-03 5.90236811e+00 4.99539116e+00 4.73732266e+00 1.27537108e+00
amp 1.000000e-01 64 16 0 0 1 2.15305193e-01 1.17014575e-14 -5.07230603e-01 5.21368424e+00 2.30963592e+00 1.91686602e+00 9.16967114e-01
amp 1.000000e-01 64 16 0 0 1 1.69166939e+00 -1.25505623e-10 2.40489320e-01 6.27579780e+00 2.35262988e+00 8.98921929e-01 2.74424364e+00
amp 1.000000e-01 64 16 0 0 1 2.73551610e+00 -7.61009157e-11 -2.28163284e-01 3.10479247e+00 4.11297034e-01 4.74958171e+00 2.14341297e+00
amp 1.000000e-01 64 16 0 0 1 9.30291174e-01 -2.82896700e-11 3.48015849e-01 4.58545250e+00 1.32163975e+00 3.57263228e+00 2.21240557e+00
amp 1.000000e-01 64 16 0 0 1 2.65662269e+00 -1.46755985e-10 1.16393926e+00 4.99773906e+00 4.01492742e+00 6.08274568e+00 1.11499792e+00
amp 1.000000e-01 64 16 0 0 1 1.50208598e+00 -1.33909328e-10 -6.68407974e-01 2.63220053e+00 3.34652780e+00 3.64386026e+00 2.18802440e+00
amp 1.000000e-01 64 16 0 0 1 2.97491840e+00 -9.40398494e-11 -2.38555488e-01 9.87361038e-01 4.34927413e+00 1.30121077e+00 5.08894316e-01
amp 1.000000e-01 64 16 0 0 1 1.10786518e+00 -2.23217932e-11 4.91089611e-01 1.23120019e+00 5.85106915e+00 1.02896425e+00 1.42746544e+00
amp 1.000000e-01 64 16 0 0 1 1.19202556e+00 -1.00338877e-10 8.77451245e-01 4.25664505e+00 5.70465058e+00 3.55267107e+00 7.24800558e-01
amp 1.000000e-01 64 16 0 0 1 5.88265158e-01 -3.35562772e-11 -2.69322447e-01 4.10282499e+00 3.31210561e+00 4.78937089e+00 2.13514461e+00
amp 1.000000e-01 64 16 0 0 1 1.77181894e+00 -2.30225375e-11 -7.95871246e-02 1.18449866e+00 1.85349107e+00 3.42662699e+00 2.08269064e+00
amp 1.000000e-01 64 16 0 0 1 2.34598486e+00 -7.60548413e-12 -7.48714402e-01 2.29544722e-01 2.87646569e+00 5.45856183e+00 1.51452694e+00
amp 1.000000e-01 64 16 0 0 1 2.41554290e+00 -7.02928312e-12 -1.14222186e+00 6.11502882e+00 5.60803157e+00 6.20101053e+00 1.94142216e+00
amp 1.000000e-01 64 16 0 0 1 1.53647343e+00 -1.13110178e-10 -1.08359866e+00 2.18115835e+00 6.14257788e+00 1.42346544e+00 1.01460832e+00
amp 1.000000e-01 64 16 0 0 1 2.90544089e+00 -1.56971362e-10 -7.10099597e-01 2.97273096e+00 5.79770517e+00 2.74806981e+00 2.01324611e+00
amp 1.000000e-01 64 16 0 0 1 1.63659789e+00 -1.49000278e-10 7.66926267e-01 4.51152673e+00 2.59453508e+00 1.28806467e+00 1.00761678e+00
amp 1.000000e-01 64 16 0 0 1 2.13265701e+00 -5.09140704e-11 -8.67195811e-01 1.77015527e+00 2.35936183e+00 3.54676526e+00 2.24755362e+00
amp 1.000000e-01 64 16 0 0 1 2.29551944e+00 -1.53692305e-10 2.26895339e-01 4.61376254e+00 8.29946849e-01 4.92754507e+00 2.77902882e+00
amp 1.000000e-01 64 16 0 0 1 2.75565554e+00 -1.00859371e-11 -1.01169198e+00 2.97391730e+00 1.76547377e+00 5.07876717e+00 1.36314682e+00
amp 1.000000e-01 64 16 0 0 1 1.86431654e+00 -1.52307015e-10 7.57154361e-02 5.11454740e+00 4.12414035e+00 4.57206184e+00 2.34493975e+00
amp 1.000000e-01 64 16 0 0 1 1.27486793e+00 -9.55784756e-11 -1.06319403e-01 9.58858271e-01 6.55399416e-01 1.97782137e+00 1.38941280e+00
amp 1.000000e-01 64 16 0 0 1 7.81792519e-01 -1.47516791e-10 5.74418499e-01 2.13751492e+00 2.23421202e+00 3.46519327e+00 1.80564042e+00
amp 1.000000e-01 64 16 0 0 1 1.39325654e+00 -1.12037456e-10 8.38138724e-01 9.96681847e-01 2.48014798e+00 1.04927889e+00 2.32430092e+00
amp 1.000000e-01 64 16 0 0 1 2.34614411e+00 -1.12760491e-10 5.65978998e-01 1.25349640e+00 5.11834809e-01 9.47690147e-01 1.46933035e+00
amp 1.000000e-01 64 16 0 0 1 2.58390851e+00 -1.26255576e-10 -1.51694927e+00 1.34793437e+00 5.97620470e+00 6.94832109e-01 2.41268339e+00
amp 1.000000e-01 64 16 0 0 1 1.73112438e+00 -7.31873063e-11 -5.31616208e-02 5.42481307e-01 5.42374195e+00 1.76776552e+00 2.54622160e+00
amp 1.000000e-01 64 16 0 0 1 2.23048241e+00 -7.64038808e-11 2.72198112e-01 2.67742997e+00 3.74146569e+00 2.62493339e+00 1.37348398e+00
amp 1.000000e-01 64 16 0 0 1 5.36786396e-01 -1.18027930e-11 1.28425331e-01 1.67882478e+00 3.11127741e-02 5.35265198e+00 2.64655522e+00
amp 1.000000e-01 64 16 0 0 1 6.88013102e-01 -4.19957491e-12 1.67837098e-01 5.20540182e+00 1.10770757e+00 4.75414150e+00 2.21758229e+00
amp 1.000000e-01 64 16 0 0 1 2.67630538e+00 -1.22402910e-10 -4.12731621e-01 3.84939060e+00 5.11609611e+00 5.49106831e-01 1.36375145e+00
amp 1.000000e-01 64 16 0 0 1 7.96911263e-01 -9.65025057e-11 1.28981413e+00 1.07772368e+00 5.65961240e+00 5.22143796e+00 2.53574878e+00
amp 1.000000e-01 64 16 0 0 1 1.79385698e+00 -3.98735506e-11 -1.24976721e+00 5.99809167e+00 4.95467859e+00 3.32708255e+00 6.41017788e-01
amp 1.000000e-01 64 16 0 0 1 2.62748566e+00 -1.41217449e-10 2.63064546e-01 4.23222994e+00 4.97084382e+00 5.56012381e+00 1.02628291e+00
amp 1.000000e-01 64 16 0 0 1 1.27459765e+00 -8.07159668e-11 -9.61717450e-02 5.63057418e+00 4.10109088e+00 1.14609025e+00 2.10235392e-01
amp 1.000000e-01 64 16 0 0 1 1.76703563e+00 -1.30155441e-10 -1.45166874e-01 1.68029522e+00 5.04251545e+00 4.38464039e+00 1.49940549e+00
amp 1.000000e-01 64 16 0 0 1 2.23390829e-01 -8.41675227e-11 -5.64176234e-01 2.75955884e+00 3.24888988e+00 4.93713509e+00 2.01508702e+00
amp 1.000000e-01 64 16 0 0 1 1.79004350e+00 -1.37117252e-10 3.55035997e-01 5.56812862e+00 2.20261819e+00 3.53712288e+00 2.38395820e+00
amp 1.000000e-01 64 16 0 0 1 9.00807259e-01 1.16390847e-11 -4.47073222e-01 3.83268834e-01 5.14067969e+00 4.41396945e+00 5.10097223e-01
amp 1.000000e-01 64 16 0 0 1 2.05755275e+00 -1.18402999e-10 -7.63374272e-01 5.09909332e+00 2.00031619e+00 2.30501589e+00 3.02303952e+00
amp 1.000000e-01 64 16 0 0 1 9.33688934e-01 -9.18809258e-11 -1.24286437e-01 2.31621964e+00 1.71190456e+00 1.33361620e+00 6.04576008e-01
amp 1.000000e-01 64 16 0 0 1 2.56995570e+00 4.99959756e-12 -8.21443484e-02 3.47483876e+00 1.57364267e+00 3.94937256e+00 1.90870146e+00
amp 1.000000e-01 64 16 0 0 1 4.90824143e-01 -1.52241416e-10 -1.13245591e+00 2.08145618e+00 2.26580138e+00 3.68031454e+00 2.44593269e+00
amp 1.000000e-01 64 16 0 0 1 3.98610496e-01 8.02844405e-12 9.90260552e-01 2.43801170e+00 2.55601161e-01 1.11864208e+00 7.44513090e-01
amp 1.000000e-01 64 16 0 0 1 1.59074105e+00 -8.64580761e-11 1.78976902e-01 2.63439404e+00 1.46737030e-01 2.35070183e+00 1.23597943e-01
amp 1.000000e-01 64 16 0 0 1 2.81445280e+00 -9.84027347e-11 -2.66945707e-01 6.10852622e+00 5.99181153e+00 4.56989765e+00 1.60979525e+00
amp 1.000000e-01 64 16 0 0 1 2.13857845e+00 -1.31300378e-10 -8.68837743e-02 1.97705383e+00 4.92436890e-01 1.29324240e+00 1.60126462e+00
amp 1.000000e-01 64 16 0 0 1 1.39880326e+00 -1.44065827e-10 -6.16305403e-01 2.47708609e+00 3.26896995e+00 2.12119552e+00 2.03795432e+00
amp 1.000000e-01 64 16 0 0 1 8.03432754e-01 -6.46689229e-11 -1.39640776e+00 5.06322117e-03 1.51216469e+00 5.38418322e+00 9.63751678e-01
amp 1.000000e-01 64 16 0 0 1 1.26239966e+00 -4.13903869e-11 1.36077761e+00 5.98433604e+00 7.63086472e-01 3.65892603e+00 2.25355341e+00
amp 1.000000e-01 64 16 0 0 1 3.01591305e-01 -1.23031808e-10 9.58231953e-01 2.74000377e+00 6.07494875e+00 2.16111649e+00 4.95996362e-01
amp 1.000000e-01 64 16 0 0 1 2.73030712e+00 -7.71218838e-11 -5.29910449e-01 6.38827767e-01 6.22356740e-01 3.27466178e+00 9.72070518e-01
amp 1.000000e-01 64 16 0 0 1 2.20929901e+00 -6.70224847e-11 -3.66539909e-01 3.09238155e+00 2.86015489e+00 5.48119990e+00 2.75148570e-01
amp 1.000000e-01 64 16 0 0 1 1.98733261e+00 -1.88087674e-11 4.47224253e-03 6.26161512e+00 4.60098807e+00 2.51035161e+00 2.30149154e+00
amp 1.000000e-01 64 16 0 0 1 2.43861212e+00 6.97429571e-12 -2.65175886e-01 3.10228901e+00 3.07657451e+00 2.36428984e+00 1.46580651e+00
amp 1.000000e-01 64 16 0 0 1 2.70390593e+00 -1.55661052e-10 -9.08185002e-02 5.51532689e+00 1.38296510e+00 5.28676862e+00 2.72970849e+00
amp 1.000000e-01 64 16 0 0 1 2.74206835e+00 -1.52637138e-10 8.27260614e-02 3.00775414e+00 3.62283038e+00 6.27096263e+00 1.30683329e+00
amp 1.000000e-01 64 16 0 0 1 2.85709428e+00 -3.49202458e-11 4.31841976e-01 2.57315434e+00 3.54970728e+00 4.36039621e+00 1.95184119e+00
amp 1.000000e-01 64 16 0 0 1 1.93889524e+00 -9.58069276e-11 6.71705965e-01 3.49997567e+00 5.92884616e+00 1.01866074e+00 6.28116004e-01
amp 1.000000e-01 64 16 0 0 1 1.36193996e+00 5.10950676e-12 2.42697221e-01 6.40080900e-01 6.24341665e+00 2.29792313e+00 1.74080553e+00
amp 1.000000e-01 64 16 0 0 1 1.03740297e+00 -1.42679385e-10 6.77165012e-01 4.59684487e+00 4.30324185e+00 3.69568859e+00 1.87584784e+00
amp 1.000000e-01 64 16 0 0 1 2.25235541e+00 -2.83692092e-12 3.43238493e-01 1.53430678e+00 4.47143046e+00 1.73868758e+00 6.63807215e-01
amp 1.000000e-01 64 16 0 0 1 2.73804914e+00 -2.73067496e-11 1.84616723e-01 5.96127163e+00 3.73850814e+00 4.54798568e+00 1.61305426e+00
amp 1.000000e-01 64 16 0 0 1 2.14003852e+00 -6.76937151e-11 -6.00270126e-01 1.58607346e+00 5.63379303e+00 4.34560875e+00 2.18007556e+00
amp 1.000000e-01 64 16 0 0 1 3.13300651e-01 -9.98438177e-12 -4.50843861e-01 5.08952078e+00 1.07466583e+00 1.25110022e+00 2.12755397e+00
amp 1.000000e-01 64 16 0 0 1 1.33453258e+00 -1.06314619e-10 8.92998192e-01 3.87959767e+00 1.82821624e+00 2.18995094e+00 1.14240472e+00
amp 1.000000e-01 64 16 0 0 1 5.61428782e-01 1.38496022e-11 -1.06091448e+00 4.99466124e+00 5.63294619e+00 5.44555306e+00 1.23176057e+00
amp 1.000000e-01 64 16 0 0 1 6.08265002e-01 -4.42732971e-11 -8.56109678e-01 5.25776034e+00 4.92378291e+00 2.26414729e+00 2.63889660e+00
amp 1.000000e-01 64 16 0 0 1 1.63633191e+00 -4.45112909e-11 3.76171755e-01 5.77711375e+00 2.53763031e+00 4.57230178e+00 1.96474163e+00
amp 1.000000e-01 64 16 0 0 1 2.72850760e+00 -1.52449520e-10 -6.74087069e-01 7.39187903e-02 4.83104059e+00 5.17118105e+00 1.83945539e+00
