amp 1.000000e-00 32 16 0 0 1 1.87864893e+00 -8.56784081e-12 -9.20735724e-01 7.79806855e-01 1.40793010e+00 4.68795399e+00 2.63148031e+00
amp 1.000000e-00 32 16 0 0 1 2.22815606e+00 -1.16879271e-10 -6.84628237e-01 3.71129215e+00 3.13442595e+00 2.79514865e+00 1.11259707e+00
amp 1.000000e-00 32 16 0 0 1 2.67861147e-01 -7.38701744e-11 8.93441164e-01 2.65816466e+00 8.87681329e-01 2.05518188e+00 2.79921603e+00
amp 1.000000e-00 32 16 0 0 1 1.92418807e+00 -1.32376164e-10 -3.37540600e-01 4.93313467e+00 2.80930306e+00 5.91029622e+00 2.49107745e+00
amp 1.000000e-00 32 16 0 0 1 8.94336600e-01 -2.86886451e-11 7.18792587e-01 4.07044124e+00 5.37505975e-01 4.74856482e+00 2.53078596e+00
amp 1.000000e-00 32 16 0 0 1 1.80998264e+00 -1.03171548e-10 3.86213399e-01 4.78061510e+00 4.65336263e+00 5.12911323e+00 1.45076505e+00
amp 1.000000e-00 32 16 0 0 1 2.24143540e-01 -1.23709111e-10 -1.02425199e+00 4.74287188e+00 3.23141464e+00 3.57210789e+00 1.51346842e+00
amp 1.000000e-00 32 16 0 0 1 1.75037599e+00 -1.77469552e-11 1.00000000e-01 2.01820680e+00 5.40011553e+00 1.52798404e+00 2.28384809e+00
amp 1.000000e-00 32 16 0 0 1 8.49749827e-01 -7.91495473e-11 -4.19301513e-01 1.40348168e+00 2.51947823e+00 1.86513675e+00 1.88294988e+00
amp 1.000000e-00 32 16 0 0 1 1.19090506e+00 5.63218191e-12 -8.66481254e-01 2.19590088e+00 1.10515932e+00 4.38746748e+00 1.06874526e+00
amp 1.000000e-00 32 16 0 0 1 4.46716809e-01 1.12000261e-11 -6.70430575e-01 2.29727408e+00 4.82465195e+00 3.85913076e+00 1.81589450e+00
amp 1.000000e-00 32 16 0 0 1 2.95342065e+00 -1.05727448e-10 -8.65605440e-01 2.57954144e-01 9.46263679e-01 1.38881081e+00 1.40745431e+00
amp 1.000000e-00 32 16 0 0 1 2.96986801e+00 1.01887609e-11 -1.36966673e+00 5.89049566e+00 7.78030156e-01 1.97470934e+00 1.81171662e+00
amp 1.000000e-00 32 16 0 0 1 2.69833341e+00 -1.36292888e-10 -8.86276030e-01 2.46822731e+00 3.49088581e+00 9.20264187e-01 2.37572162e+00
amp 1.000000e-00 32 16 0 0 1 1.07027598e+00 -3.32313345e-11 1.23172245e+00 1.71794568e-02 6.03368350e+00 2.60697323e+00 2.90335353e+00
amp 1.000000e-00 32 16 0 0 1 1.61025873e+00 -4.34355571e-11 -9.93484411e-01 5.36540132e-01 3.10750106e+00 5.98009247e+00 2.27697725e+00
amp 1.000000e-00 32 16 0 0 1 8.55207996e-01 -1.06997154e-10 4.41572368e-01 3.82060069e+00 1.02643784e+00 5.37105117e+00 2.08230479e+00
amp 1.000000e-00 32 16 0 0 1 2.72138394e+00 -8.04636114e-12 1.18575548e+00 3.92704484e+00 3.46366467e+00 4.80987245e+00 1.97840532e+00
amp 1.000000e-00 32 16 0 0 1 1.56203528e+00 -1.03761409e-10 1.27740105e-01 5.75114432e+00 7.84675699e-01 5.37689157e+00 2.33651357e+00
amp 1.000000e-00 32 16 0 0 1 2.50730105e+00 -4.17858463e-11 -3.42919279e-01 9.95522845e-01 4.37829019e+00 5.10907678e+00 1.15486479e+00
amp 1.000000e-00 32 16 0 0 1 2.62793405e+00 -6.77485110e-12 6.72810496e-01 3.08804057e-01 6.25460142e-01 5.75572008e+00 2.74587435e+00
amp 1.000000e-00 32 16 0 0 1 2.51026842e+00 2.77403044e-12 -9.13015873e-01 4.16932551e+00 3.41322125e+00 5.00209945e+00 1.20495607e+00
amp 1.000000e-00 32 16 0 0 1 1.63818674e+00 -9.07861807e-11 1.00000000e-01 4.51812359e+00 2.98780993e+00 1.86396123e+00 1.81245975e+00
amp 1.000000e-00 32 16 0 0 1 2.50905952e+00 -1.00657389e-10 6.79945114e-01 5.31574122e-01 1.97047156e+00 4.40145021e+00 2.73704421e+00
amp 1.000000e-00 32 16 0 0 1 1.37284744e+00 7.00785401e-12 -8.09557375e-01 1.64032382e+00 3.04874418e+00 2.36313178e+00 1.76709437e+00
amp 1.000000e-00 32 16 0 0 1 1.02679667e+00 -5.02105210e-12 -1.06827468e-01 7.93618334e-01 4.43051665e+00 5.67526655e+00 1.42083350e+00
amp 1.000000e-00 32 16 0 0 1 3.49361569e-01 -7.47315565e-11 -9.67985633e-01 8.16149280e-01 2.33461677e+00 5.19276383e-01 1.27084016e+00
amp 1.000000e-00 32 16 0 0 1 3.19413359e-01 -3.98510620e-11 1.31802598e-01 1.83188119e+00 1.57866755e+00 2.44690217e+00 8.54790958e-01
amp 1.000000e-00 32 16 0 0 1 1.50978208e+00 -1.17306892e-11 7.86220657e-01 1.67742594e+00 1.89387344e+00 4.55959215e+00 1.56199079e+00
amp 1.000000e-00 32 16 0 0 1 1.09182356e+00 4.10549207e-12 7.42814835e-01 3.35119172e+00 1.24783313e+00 5.55043249e+00 1.27087051e+00
amp 1.000000e-00 32 16 0 0 1 2.68400772e-01 -1.14041947e-10 9.77120176e-01 3.65881847e+00 3.28855289e-01 2.56714678e+00 2.65250076e+00
amp 1.000000e-00 32 16 0 0 1 2.72942599e+00 -1.10463341e-10 -7.31942866e-01 2.07714901e+00 4.25065824e+00 2.22853869e+00 1.85597589e+00
amp 1.000000e-00 32 16 0 0 1 1.94952580e+00 -1.46743510e-10 4.18826889e-01 4.36242531e+00 2.70192233e+00 1.16209170e+00 1.61193811e+00
amp 1.000000e-00 32 16 0 0 1 4.60200863e-01 -5.03578024e-11 -1.40972279e-01 7.81313006e-02 1.06193309e+00 3.64165529e+00 1.61913339e+00
amp 1.000000e-00 32 16 0 0 1 2.30311148e+00 -9.79033084e-11 -1.32250403e+00 1.86074772e+00 5.65170171e+00 1.20078982e+00 1.71573575e+00
amp 1.000000e-00 32 16 0 0 1 2.88644753e+00 -3.65851551e-11 1.06353628e+00 1.06776866e+00 4.96267800e+00 3.13131044e+00 2.35884467e+00
amp 1.000000e-00 32 16 0 0 1 3.28067956e-01 -7.66736783e-11 1.38369120e-01 2.98153050e+00 1.60727605e+00 2.75027004e+00 1.70952277e+00
amp 1.000000e-00 32 16 0 0 1 1.96910280e+00 2.96027283e-12 -8.83966405e-01 7.84668528e-01 3.40019420e+00 5.78677743e+00 5.06705949e-01
amp 1.000000e-00 32 16 0 0 1 3.68239198e-01 -9.37102656e-11 1.00000000e-01 2.83816877e+00 4.24801468e+00 4.73326628e+00 2.65576106e+00
amp 1.000000e-00 32 16 0 0 1 2.15560959e+00 -4.54666166e-11 1.16293947e+00 5.73112753e+00 3.00825163e+00 5.79788752e+00 9.35400397e-01
amp 1.000000e-00 32 16 0 0 1 3.17577164e-01 -1.24967572e-10 -5.27690574e-01 4.03527287e+00 5.72468953e+00 5.33255796e+00 7.16796454e-01
amp 1.000000e-00 32 16 0 0 1 1.10519499e+00 -1.29535257e-10 2.28374534e-01 3.06737007e-01 5.94710319e+00 4.55269848e+00 2.30814404e+00
amp 1.000000e-00 32 16 0 0 1 2.66196665e+00 -1.35601991e-10 -1.06284269e+00 3.33326656e+00 5.26782225e+00 1.54390358e+00 1.01731092e+00
amp 1.000000e-00 32 16 0 0 1 4.33675125e-01 -7.72470404e-11 6.15687932e-01 5.02801947e-01 1.39565192e+00 5.75948856e+00 2.06888396e+00
amp 1.000000e-00 32 16 0 0 1 1.59965939e+00 -7.75025115e-12 -1.28884044e-01 4.10386950e+00 1.67863857e+00 2.38815406e+00 2.32228823e+00
amp 1.000000e-00 32 16 0 0 1 1.06901180e+00 -1.56313143e-10 -1.45762659e-01 3.72517576e+00 5.96518288e-01 4.48884801e+00 1.98829179e+00
amp 1.000000e-00 32 16 0 0 1 1.53675515e+00 -1.38980642e-10 4.37258845e-01 1.09181375e+00 2.20110280e+00 2.32478388e+00 1.10680852e+00
amp 1.000000e-00 32 16 0 0 1 1.24293496e+00 -4.87733989e-11 -5.29172368e-01 1.66919723e+00 6.12449922e+00 1.50845939e-01 9.61170933e-01
amp 1.000000e-00 32 16 0 0 1 2.24603901e+00 -9.12799816e-12 -8.44083800e-01 4.82450937e+00 6.17717608e+00 1.55791525e+00 1.24893823e+00
amp 1.000000e-00 32 16 0 0 1 1.77430377e+00 -1.10061799e-10 7.95578142e-01 5.82033393e+00 3.07672622e+00 2.70831800e+00 2.74710150e+00
amp 1.000000e-00 32 16 0 0 1 1.99755282e+00 6.99685353e-12 3.51424968e-01 4.36554706e+00 3.78284864e+00 3.23912944e+00 2.02371501e+00
amp 1.000000e-00 32 16 0 0 1 2.05834462e-01 -7.29370116e-11 -1.10248505e+00 4.98233074e+00 3.04161539e+00 3.74724572e+00 8.44190626e-01
amp 1.000000e-00 32 16 0 0 1 1.76786490e+00 -1.46943045e-10 -7.71459627e-01 2.76568043e+00 1.61806903e-01 1.59453714e+00 1.04516974e+00
amp 1.000000e-00 32 16 0 0 1 3.08262069e-01 -9.50434640e-11 -1.00927525e+00 1.32829425e+00 5.35941694e+00 4.01170592e-01 2.53202184e+00
amp 1.000000e-00 32 16 0 0 1 8.93730684e-01 -5.64405063e-12 3.04653541e-01 4.67339471e+00 5.08246462e+00 4.47611959e+00 2.43444834e-01
amp 1.000000e-00 32 16 0 0 1 2.63394658e-01 -5.06024243e-11 -9.30403804e-01 2.71023261e+00 5.01469815e+00 1.90950559e+00 1.74090574e+00
amp 1.000000e-00 32 16 0 0 1 7.07044359e-01 -1.42774576e-10 -7.69093620e-01 4.49513454e+00 3.57094135e+00 3.25601856e+00 3.46805827e-01
amp 1.000000e-00 32 16 0 0 1 1.70416255e+00 -1.48695895e-10 -9.99532896e-01 4.44146668e+00 9.98119897e-01 2.40865172e+00 2.44395829e+00
amp 1.000000e-00 32 16 0 0 1 1.75695604e+00 -1.26433053e-10 7.98002327e-01 2.58680361e+00 3.39557878e+00 1.45387313e+00 1.27690106e+00
amp 1.000000e-00 32 16 0 0 1 2.63730264e+00 -5.92440768e-11 1.00000000e-01 1.63067562e+00 3.44919172e+00 2.31528329e+00 2.28643803e+00
amp 1.000000e-00 32 16 0 0 1 6.96761274e-01 -4.49617857e-11 4.44929122e-01 6.55704642e-01 4.88696115e+00 3.35361737e-01 2.77062374e+00
amp 1.000000e-00 32 16 0 0 1 9.38491378e-01 1.47430323e-12 -2.06908472e-01 5.67698663e+00 6.43820738e-01 5.71449235e+00 2.34470326e+00
amp 1.000000e-00 32 16 0 0 1 7.68171570e-01 -6.18444342e-12 -1.05414828e+00 1.35501029e+00 6.22582168e+00 3.92738825e+00 2.60745789e-01
amp 1.000000e-00 32 16 0 0 1 2.86408754e+00 -1.41402858e-10 5.07344223e-01 4.18510274e+00 5.04663910e+00 4.04430870e+00 2.01401255e+00
amp 1.000000e-00 32 16 0 0 1 2.73518444e+00 -9.91039844e-11 6.00252443e-01 1.76932262e+00 7.88234510e-02 7.90374847e-02 2.03286789e+00
amp 1.000000e-00 32 16 0 0 1 2.33497284e+00 -4.20540931e-11 3.75635861e-01 3.30305757e+00 5.91760093e+00 2.53640630e+00 1.13121695e+00
amp 1.000000e-00 32 16 0 0 1 3.78862442e-01 -5.55885428e-11 1.16580637e+00 8.29118661e-01 5.82333114e+00 5.28950223e+00 2.67485627e+00
amp 1.000000e-00 32 16 0 0 1 1.01998980e+00 -1.05032758e-10 3.45293948e-01 3.25687472e+00 6.36655945e-01 5.37702638e-01 1.47242510e+00
amp 1.000000e-00 32 16 0 0 1 2.50896949e+00 -1.02694955e-10 1.09526744e+00 3.55073489e+00 4.32800083e+00 3.70276265e+00 1.34434731e+00
amp 1.000000e-00 32 16 0 0 1 1.89638322e-01 1.23136378e-11 1.14272306e+00 8.18944034e-01 5.67602444e+00 2.80370736e+00 6.60362252e-01
amp 1.000000e-00 32 16 0 0 1 7.76827083e-01 -6.92752398e-11 1.26516333e+00 3.56365042e+00 5.87037851e-01 1.22582268e-01 1.89118689e+00
amp 1.000000e-00 32 16 0 0 1 5.02479803e-01 -1.65244759e-11 2.26744183e-01 3.86320682e+00 4.85798595e+00 4.64345895e+00 2.33322005e+00
amp 1.000000e-00 32 16 0 0 1 1.38644661e+00 -1.30340260e-10 -9.00376514e-01 6.25120587e-01 3.99871322e+00 1.32936896e-01 1.83401704e+00
amp 1.000000e-00 32 16 0 0 1 3.61139524e-01 -1.54705169e-11 -5.46009466e-01 2.49011324e+00 8.68832449e-01 1.17036197e+00 1.95823321e+00
amp 1.000000e-00 32 16 0 0 1 2.58774446e+00 -3.81525173e-11 8.12172931e-01 1.35011284e+00 8.80514979e-01 3.76595849e+00 7.47649149e-01
amp 1.000000e-00 32 16 0 0 1 1.46084534e+00 1.11406108e-12 -1.39795722e+00 5.38472276e+00 2.71560206e+00 3.19572212e+00 1.09452371e+00
amp 1.000000e-00 32 16 0 0 1 2.02555424e+00 -1.20873241e-10 -2.07960048e-01 5.63565657e-01 4.69188247e+00 2.86866684e-01 2.74571577e+00
amp 1.000000e-00 32 16 0 0 1 9.12104407e-01 -9.49962340e-11 -1.36185899e+00 4.71518814e+00 1.68315011e+00 5.35354004e+00 1.10712231e+00
amp 1.000000e-00 32 16 0 0 1 9.77891341e-01 -5.76219680e-12 8.87094414e-01 1.35361839e+00 5.06874363e+00 4.88029722e+00 7.99950275e-01
amp 1.000000e-00 32 16 0 0 1 2.96856126e+00 -8.27203510e-11 1.21154898e-01 4.99691412e+00 4.45539762e+00 1.77238021e+00 3.52176551e-01
amp 1.000000e-00 32 16 0 0 1 1.60906694e+00 -5.95012154e-12 -1.46389709e+00 4.47758594e+00 3.17103709e-01 2.03184752e+00 4.50053815e-01
amp 1.000000e-00 32 16 0 0 1 7.85368060e-01 -7.31872416e-11 -7.01782764e-01 2.80600282e+00 5.42365180e+00 1.72497489e+00 1.26741841e+00
amp 1.000000e-00 32 16 0 0 1 1.45713581e+00 -9.73846801e-11 6.33647980e-01 5.06589202e+00 5.93780655e+00 3.65942253e+00 2.13555286e+00
amp 1.000000e-00 32 16 0 0 1 1.36593309e+00 1.17644675e-11 -5.88922647e-01 3.10880941e+00 4.58034183e+00 1.21238751e-02 1.04677697e+00
amp 1.000000e-00 32 16 0 0 1 2.49260151e+00 -6.53223427e-11 1.32023234e-01 2.39992580e+00 4.49932626e+00 1.32140614e+00 1.76284341e+00
amp 1.000000e-00 32 16 0 0 1 2.06731820e+00 -1.55697105e-10 -5.58976851e-01 2.65773292e+00 4.95827433e-01 3.66254860e+00 1.93505501e-01
amp 1.000000e-00 32 16 0 0 1 2.59256878e+00 -3.71032362e-11 4.15236246e-01 2.89856202e+00 3.48879312e+00 5.95144733e+00 1.14688822e+00
amp 1.000000e-00 32 16 0 0 1 1.05077804e+00 -1.94339180e-11 -4.58917971e-01 5.16523024e+00 5.12125252e+00 1.10032823e+00 9.77101507e-01
amp 1.000000e-00 32 16 0 0 1 2.56116500e+00 -1.57934294e-11 1.96593744e-01 2.30174418e+00 3.33681537e+00 2.11750161e+00 1.97471996e+00
amp 1.000000e-00 32 16 0 0 1 1.07979561e+00 -1.25583159e-10 5.14102277e-01 3.00202381e+00 2.12837972e+00 2.58113861e+00 2.55282838e+00
amp 1.000000e-00 32 16 0 0 1 2.86799304e+00 -5.78823574e-11 1.42462199e+00 4.01955869e+00 5.36073662e+00 1.71720378e+00 1.76497307e+00
amp 1.000000e-00 32 16 0 0 1 2.17104317e+00 -7.05538273e-12 -4.89507993e-01 4.33246514e+00 4.26377381e+00 6.22515032e+00 2.49426044e+00
amp 1.000000e-00 32 16 0 0 1 1.68829810e+00 -5.17108034e-11 -1.04159474e+00 5.04383017e+00 2.56874874e+00 2.08441980e+00 1.10260473e+00
amp 1.000000e-00 32 16 0 0 1 1.03295977e+00 -4.60473806e-11 -9.79743392e-01 9.87589562e-01 1.66494400e+00 3.30975148e+00 1.89323238e+00
amp 1.000000e-00 32 16 0 0 1 8.22744874e-01 5.72070061e-12 -8.14957127e-01 5.05672118e+00 5.68576530e+00 4.70730286e+00 1.99741828e+00
amp 1.000000e-00 32 16 0 0 1 2.28262803e+00 -2.63492096e-11 -1.43380955e-01 2.79256904e+00 5.97676778e+00 4.12309844e+00 1.30459878e+00
amp 1.000000e-00 32 16 0 0 1 1.06418937e+00 -1.06151319e-10 1.00000000e-01 1.56776438e+00 4.47973579e+00 5.62263044e+00 1.44206819e+00
amp 1.000000e-00 32 16 0 0 1 4.25017918e-01 -4.90583702e-11 -4.46452521e-01 3.62632155e+00 3.84475164e+00 1.64235502e+00 1.60812202e+00
amp 1.000000e-00 32 16 0 0 1 8.95222099e-01 -5.70098765e-11 1.29411747e+00 3.98334171e+00 1.97485179e+00 3.04075397e+00 1.19689436e+00
amp 1.000000e-00 32 16 0 0 1 2.24496872e+00 -1.21439103e-10 2.80817711e-01 1.83107484e+00 5.27959001e-02 8.72549794e-02 1.15987219e+00
